[---               9%                  ] 9 of 100 complete in 0.5 sec
[------           18%                  ] 18 of 100 complete in 1.0 sec
[---------        26%                  ] 26 of 100 complete in 1.6 sec
[------------     33%                  ] 33 of 100 complete in 2.1 sec
[---------------  42%                  ] 42 of 100 complete in 2.6 sec
[-----------------50%                  ] 50 of 100 complete in 3.2 sec
[-----------------58%--                ] 58 of 100 complete in 3.7 sec
[-----------------65%----              ] 65 of 100 complete in 4.2 sec
[-----------------73%-------           ] 73 of 100 complete in 4.8 sec
[-----------------81%----------        ] 81 of 100 complete in 5.3 sec
[-----------------89%-------------     ] 89 of 100 complete in 5.8 sec
[-----------------97%----------------  ] 97 of 100 complete in 6.4 sec
[-----------------100%-----------------] 100 of 100 complete in 6.6 sec

Vcmax25_5:
 
	Mean             SD               MC Error        95% HPD interval
	------------------------------------------------------------------
	92.61            20.372           2.037        [  58.939  105.079]
	
	
	Posterior quantiles:
	
	2.5             25              50              75             97.5
	 |---------------|===============|===============|---------------|
	58.939           69.284          91.817         105.079       105.079
	

Jmax25_3:
 
	Mean             SD               MC Error        95% HPD interval
	------------------------------------------------------------------
	27.455           15.25            1.525          [ 23.769  66.409]
	
	
	Posterior quantiles:
	
	2.5             25              50              75             97.5
	 |---------------|===============|===============|---------------|
	23.769           23.769          23.769         23.769        106.805
	

Jmax25_6:
 
	Mean             SD               MC Error        95% HPD interval
	------------------------------------------------------------------
	46.056           33.072           3.307          [ 17.497  89.491]
	
	
	Posterior quantiles:
	
	2.5             25              50              75             97.5
	 |---------------|===============|===============|---------------|
	17.497           32.065          32.065         89.491        89.491
	

func:
 
	Mean             SD               MC Error        95% HPD interval
	------------------------------------------------------------------
	1.443            4.306            0.431            [ 0.307  3.319]
	1.249            3.827            0.383            [ 0.218  2.851]
	0.938            3.072            0.307            [ 0.072  2.124]
	0.509            2.493            0.249            [-0.166  0.984]
	0.052            0.8              0.08             [-0.327  0.208]
	1.495            4.366            0.437            [ 0.346  3.417]
	1.767            4.991            0.499            [ 0.483  4.065]
	1.93             5.362            0.536            [ 0.567  4.457]
	7.731            9.757            0.976          [  1.448  35.198]
	2.552            0.965            0.096            [-0.051  3.648]
	1.948            0.88             0.088            [-0.238  2.997]
	2.702            6.487            0.649[ -1.80000000e-02   2.20990000e+01]
	0.808            3.145            0.314                    [-1.615  9.359]
	-0.352           1.302            0.13                     [-3.04   1.574]
	2.562            0.968            0.097                    [-0.046  3.667]
	3.028            1.083            0.108                    [ 0.13   4.276]
	3.271            1.161            0.116                    [ 0.215  4.57 ]
	3.394            1.21             0.121                    [ 0.264  4.742]
	2.419            3.397            0.34                   [  1.105  10.662]
	2.039            3.112            0.311                    [ 0.729  8.886]
	1.391            2.396            0.24                     [ 0.196  6.363]
	0.446            1.25             0.125                    [-0.552  2.838]
	-0.154           0.572            0.057                    [-1.027  0.608]
	2.42             3.396            0.34                   [  1.108  10.663]
	2.8              3.689            0.369                  [  1.51   12.757]
	2.997            3.85             0.385                  [  1.587  13.908]
	3.149            3.955            0.395                  [  1.66   14.565]
	3.059            5.82             0.582                    [ 0.584  4.994]
	2.231            4.715            0.472                    [ 0.294  3.892]
	1.519            3.537            0.354                    [ 0.067  2.795]
	0.546            1.917            0.192                    [-0.538  1.288]
	-0.153           0.807            0.081                    [-1.04   0.232]
	2.785            5.578            0.558                    [ 0.477  4.71 ]
	3.48             6.669            0.667                    [ 0.705  5.746]
	3.837            7.252            0.725                    [ 0.82   6.296]
	4.069            7.633            0.763                    [ 0.896  6.658]
	3.568            1.741            0.174                    [ 2.049  9.211]
	2.994            1.652            0.165                    [ 1.418  8.505]
	1.979            1.51             0.151                    [ 0.348  7.235]
	0.865            2.516            0.252                    [-1.02   5.605]
	-0.28            1.192            0.119                    [-1.91   1.312]
	3.443            1.749            0.175                    [ 1.896  9.177]
	4.067            1.84             0.184                    [ 2.68   9.894]
	4.406            1.875            0.188                  [  3.234  10.257]
	4.544            1.912            0.191                  [  3.505  10.469]
	1.708            2.222            0.222                    [ 0.171  2.496]
	1.549            1.937            0.194                    [ 0.122  2.358]
	1.235            1.499            0.15                     [ 0.039  2.016]
	0.532            0.778            0.078                    [-0.083  1.105]
	-0.005           0.314            0.031                    [-0.458  0.175]
	1.77             2.272            0.227                    [ 0.189  2.586]
	2.006            2.665            0.266                    [ 0.268  2.805]
	2.121            2.883            0.288                    [ 0.31   2.893]
	7.425            9.01             0.901                  [  1.791  21.773]
	4.622            5.456            0.546                    [ 2.482  6.598]
	3.688            4.165            0.416                    [ 2.177  4.987]
	2.473            2.909            0.291                    [ 1.711  3.332]
	1.14             2.326            0.233                    [ 0.603  1.28 ]
	0.146            0.454            0.045                    [-0.073  0.18 ]
	4.73             5.193            0.519                    [ 2.46   6.404]
	6.155            6.253            0.625                    [ 2.782  8.624]
	7.099            6.584            0.658                  [  2.956  10.214]
	7.78             6.779            0.678                  [  3.062  11.374]
	5.063            0.883            0.088                    [ 2.161  5.773]
	4.275            0.863            0.086                    [ 1.236  4.867]
	10.136           7.551            0.755                  [  5.217  35.69 ]
	3.686            2.964            0.296                  [  2.029  13.496]
	0.326            0.731            0.073                    [-0.624  1.796]
	5.066            0.884            0.088                    [ 2.152  5.756]
	5.943            0.93             0.093                    [ 3.167  6.743]
	6.396            0.961            0.096                    [ 3.691  7.252]
	6.679            0.983            0.098                    [ 4.028  7.697]
	3.92             2.703            0.27                   [  2.814  10.725]
	3.407            2.373            0.237                    [ 2.382  9.458]
	5.383            2.152            0.215                    [ 4.2    9.627]
	2.4              1.065            0.107                    [ 1.809  4.426]
	0.72             0.48             0.048                    [ 0.308  1.473]
	4.071            2.794            0.279                    [  2.94  11.11]
	4.644            3.127            0.313                  [  3.428  12.546]
	4.958            3.308            0.331                  [  3.696  13.327]
	5.151            3.421            0.342                  [  3.861  13.814]
	8.004            6.127            0.613                    [ 6.462  9.862]
	7.002            5.479            0.548                    [ 5.285  7.617]
	5.265            3.96             0.396                    [ 3.38   5.489]
	2.326            1.774            0.177                      [ 1.17  3.09]
	0.018            0.47             0.047                    [-0.418  0.265]
	8.042            6.151            0.615                    [ 6.49   9.958]
	9.235            6.889            0.689                  [  7.022  12.204]
	9.913            7.311            0.731                  [  7.809  14.459]
	10.338           7.583            0.758                  [  8.085  16.08 ]
	6.703            0.52             0.052                    [ 6.054  7.281]
	5.713            0.443            0.044                    [ 5.179  6.244]
	9.278            3.879            0.388                  [  5.965  16.399]
	3.371            1.68             0.168                    [ 2.324  6.217]
	0.202            0.646            0.065                    [-0.651  0.747]
	6.726            0.522            0.052                    [ 6.074  7.304]
	7.857            0.622            0.062                    [ 7.074  8.558]
	8.46             0.679            0.068                    [ 7.605  9.267]
	8.813            0.712            0.071                    [ 7.919  9.675]
	3.818            2.619            0.262                    [ 1.907  4.568]
	3.214            2.278            0.228                    [ 1.475  4.012]
	2.354            1.69             0.169                    [ 0.954  3.136]
	2.342            1.887            0.189                    [ 0.327  4.457]
	0.438            0.431            0.043                    [-0.017  0.981]
	3.862            2.633            0.263                    [ 1.95   4.598]
	4.612            3.13             0.313                    [ 2.633  5.225]
	5.037            3.495            0.349                    [ 3.101  5.561]
	5.329            3.744            0.374                    [ 3.488  5.81 ]
	2.522            1.252            0.125                    [ 1.322  2.643]
	1.794            0.918            0.092                    [ 0.866  1.87 ]
	0.964            0.405            0.041                    [ 0.372  1.034]
	0.113            0.25             0.025                    [-0.101  0.226]
	-0.405           0.582            0.058                    [-0.382 -0.257]
	2.874            1.389            0.139                    [ 1.493  3.039]
	4.253            1.931            0.193                    [ 2.122  4.589]
	5.39             2.366            0.237                    [ 2.355  5.898]
	6.344            2.74             0.274                    [ 2.506  7.023]
	2.82             0.808            0.081                    [-0.166  3.493]
	1.973            0.812            0.081                    [-1.09   2.733]
	0.876            0.848            0.085                    [-1.818  1.761]
	0.503            0.492            0.049                    [ 0.161  1.356]
	-1.49            0.835            0.083                    [-3.941 -0.727]
	2.898            0.804            0.08                     [-0.055  3.561]
	4.006            0.827            0.083                    [ 1.167  4.566]
	4.611            0.852            0.085                    [ 1.85   5.163]
	5.027            0.874            0.087                    [ 2.31   5.599]
	2.398            1.035            0.103                    [ 1.687  4.643]
	1.874            0.719            0.072                    [ 1.248  3.144]
	1.228            0.468            0.047                    [ 0.681  2.147]
	1.437            0.284            0.028                      [ 1.13  1.9 ]
	0.347            0.187            0.019                    [ 0.079  0.655]
	2.402            0.971            0.097                    [ 1.705  4.41 ]
	3.159            1.579            0.158                    [ 2.307  7.048]
	3.646            2.11             0.211                    [ 2.663  9.208]
	3.983            2.515            0.251                  [  2.903  11.019]
	4.803            1.554            0.155                    [ 2.074  5.488]
	3.792            1.151            0.115                    [ 1.36   4.459]
	2.81             0.918            0.092                    [ 0.97   3.309]
	0.356            0.206            0.021                    [-0.181  0.601]
	-1.406           0.343            0.034                    [-1.948 -0.639]
	5.089            1.697            0.17                     [ 2.319  5.766]
	6.425            2.504            0.25                     [ 3.658  7.034]
	7.24             3.18             0.318                    [ 4.725  7.767]
	7.825            3.819            0.382                    [ 5.681  8.256]
	4.647            0.424            0.042                    [ 4.12   5.185]
	3.338            0.37             0.037                    [ 2.913  3.793]
	1.815            0.343            0.034                    [ 1.344  2.372]
	0.361            0.327            0.033                    [-0.153  1.136]
	-1.624           0.375            0.038                    [-2.102 -0.958]
	4.173            0.421            0.042                    [ 3.608  4.677]
	5.468            0.503            0.05                     [ 4.767  6.071]
	6.245            0.561            0.056                    [ 5.457  6.945]
	6.76             0.602            0.06                     [ 5.914  7.526]
	2.315            0.651            0.065                    [ 0.994  2.802]
	1.609            0.44             0.044                    [ 0.627  2.06 ]
	0.796            0.227            0.023                    [ 0.299  1.071]
	0.742            0.623            0.062                    [-0.136  1.431]
	-0.5             0.397            0.04                     [-1.154 -0.104]
	2.065            0.519            0.052                    [ 0.79   2.566]
	2.882            0.737            0.074                    [ 1.252  3.391]
	3.424            0.94             0.094                    [ 1.633  4.109]
	3.839            1.147            0.115                    [ 1.965  4.917]
	0.747            0.402            0.04                     [ 0.381  1.115]
	0.332            0.475            0.047                    [ 0.056  0.692]
	-0.079           0.554            0.055                    [-0.294  0.261]
	-0.493           0.641            0.064                    [-0.529 -0.177]
	-0.716           0.689            0.069                    [-0.724 -0.411]
	0.722            0.433            0.043                    [ 0.361  1.115]
	1.457            0.375            0.038                    [ 0.799  1.823]
	2.067            0.441            0.044                    [ 1.18   2.555]
	2.65             0.601            0.06                     [ 1.549  3.265]
	0.878            0.757            0.076                    [-1.531  2.317]
	0.256            0.789            0.079                    [-1.8    1.455]
	-0.567           0.811            0.081                    [-2.049  0.379]
	-1.58            0.806            0.081                    [-3.433 -0.597]
	-2.137           0.812            0.081                    [-4.317 -1.252]
	1.002            0.766            0.077                    [-1.367  2.541]
	1.971            0.715            0.072                    [-0.488  2.827]
	2.584            0.73             0.073                    [ 0.327  3.462]
	3.045            0.757            0.076                    [ 0.829  3.946]
	0.992            0.353            0.035                    [ 0.657  1.772]
	0.576            0.32             0.032                    [ 0.254  0.954]
	0.024            0.288            0.029                    [-0.247  0.423]
	-0.769           0.239            0.024                    [-0.983 -0.357]
	-1.245           0.208            0.021                    [-1.413 -0.774]
	1.005            0.362            0.036                    [ 0.68   1.764]
	1.568            0.391            0.039                    [ 1.21   2.732]
	1.911            0.386            0.039                    [ 1.534  3.184]
	2.171            0.378            0.038                    [ 1.772  3.515]
	1.726            0.573            0.057                    [ 0.374  2.623]
	0.632            0.411            0.041                    [-0.403  1.407]
	-0.464           0.38             0.038                    [-1.021  0.159]
	-1.583           0.566            0.057                    [-2.237 -0.519]
	-2.186           0.709            0.071                    [-2.981 -0.694]
	1.771            0.599            0.06                     [ 0.379  2.73 ]
	3.403            0.902            0.09                     [ 1.002  4.12 ]
	4.33             1.097            0.11                     [ 1.573  5.47 ]
	4.928            1.165            0.116                    [ 2.13   6.269]
	-0.334           0.702            0.07                     [-1.4    1.442]
	-1.142           0.619            0.062                    [-2.417 -0.138]
	-2.141           0.524            0.052                    [-3.039 -1.27 ]
	-3.267           0.523            0.052                    [-4.138 -2.462]
	-3.896           0.618            0.062                    [-4.75  -2.881]
	0.83             0.631            0.063                    [-0.103  2.092]
	2.105            0.767            0.077                    [ 1.153  3.338]
	2.953            0.819            0.082                    [ 1.901  4.213]
	3.561            0.828            0.083                    [ 2.439  4.842]
	0.329            0.324            0.032                    [-0.067  0.762]
	-0.107           0.464            0.046                    [-0.676  0.431]
	-0.617           0.714            0.071                    [-1.468  0.131]
	-1.163           1.004            0.1                      [-2.356 -0.078]
	-1.739           1.459            0.146                    [-3.344 -0.203]
	0.309            0.337            0.034                    [-0.076  0.758]
	0.932            0.3              0.03                     [ 0.439  1.569]
	1.369            0.356            0.036                    [ 0.454  1.83 ]
	1.762            0.423            0.042                    [ 0.83   2.318]
	
	
	Posterior quantiles:
	
	2.5             25              50              75             97.5
	 |---------------|===============|===============|---------------|
	0.307            0.548           0.562          0.748         25.133
	0.218            0.458           0.473          0.643         21.662
	0.072            0.309           0.326          0.473         16.338
	-0.166           0.066           0.088          0.199         8.038
	-0.327           -0.156          -0.073         0.012         2.382
	0.346            0.586           0.6            0.789         25.667
	0.483            0.722           0.736          0.947         27.504
	0.567            0.806           0.82           1.044         28.44
	1.448            5.03            5.123          5.869         35.57
	1.801            2.078           2.526          2.567         6.613
	0.955            1.489           1.922          2.034         5.736
	-0.015           0.842           1.2            1.4           31.631
	-1.361           -0.084          0.191          0.516         14.52
	-2.528           -0.823          -0.429         -0.027        4.085
	1.816            2.094           2.536          2.576         6.637
	2.379            2.647           2.899          2.946         7.441
	2.622            2.869           3.054          3.078         7.828
	2.693            2.99            3.135          3.276         8.055
	1.105            1.381           1.466          1.926         14.739
	0.729            1.129           1.212          1.603         12.354
	0.196            0.692           0.734          1.126         8.978
	-0.552           0.124           0.178          0.452         4.274
	-1.027           -0.494          -0.175         0.025         1.3
	1.108            1.382           1.467          1.928         14.736
	1.51             1.721           1.819          2.17          17.579
	1.587            1.916           2.09           2.253         19.251
	1.66             2.067           2.324          2.328         20.529
	1.297            1.699           2.534          3.333         6.827
	0.654            1.079           1.738          2.446         5.428
	0.148            0.639           1.096          1.72          3.959
	-0.538           0.08            0.219          0.729         1.936
	-1.04            -0.416          -0.212         0.011         0.53
	1.058            1.481           2.247          3.019         6.509
	1.565            1.929           2.886          3.735         7.879
	1.821            2.144           3.21           4.098         8.615
	1.988            2.284           3.421          4.33          9.099
	2.049            2.852           3.064          3.513         9.214
	1.418            2.218           2.584          2.898         8.508
	0.348            1.515           1.777          1.971         7.24
	-1.02            0.303           0.48           0.851         8.439
	-1.91            -0.901          -0.413         0.063         2.688
	1.896            2.705           2.957          3.371         9.179
	2.68             3.293           3.585          3.805         9.896
	3.234            3.724           3.961          4.054         10.259
	3.48             3.807           4.051          4.295         10.469
	0.171            0.397           2.004          2.476         12.742
	0.122            0.329           1.863          2.338         10.863
	0.039            0.215           1.472          1.992         8.053
	-0.083           0.037           0.321          0.951         3.935
	-0.458           -0.103          -0.046         0.091         1.256
	0.189            0.421           2.093          2.566         13.029
	0.268            0.528           2.312          2.785         15.568
	0.31             0.584           2.401          2.874         16.984
	1.809            2.496           2.968          10.168        21.8
	2.482            3.641           3.691          3.952         21.584
	2.177            2.903           2.953          3.159         18.344
	1.711            1.847           1.897          2.06          14.112
	0.603            0.716           0.754          0.855         7.832
	-0.073           0.011           0.078          0.149         1.305
	2.46             3.863           3.914          4.152         20.979
	2.782            5.243           5.293          5.59          24.093
	2.956            6.238           6.289          6.626         25.769
	3.062            6.971           7.022          7.388         26.786
	2.161            5.113           5.125          5.366         5.773
	1.236            4.33            4.433          4.563         4.867
	5.223            7.059           8.169          8.659         39.171
	2.034            2.73            2.813          3.159         15.151
	-0.526           -0.006          0.307          0.482         2.451
	2.152            5.118           5.131          5.373         5.756
	3.167            5.905           5.99           6.202         6.912
	3.691            6.303           6.439          6.651         7.514
	4.028            6.551           6.719          6.93          7.9
	2.814            3.024           3.403          3.495         17.174
	2.382            2.572           2.971          3.063         15.138
	4.248            4.377           4.908          5.421         10.64
	1.841            1.927           2.266          2.355         4.973
	0.308            0.49            0.584          0.81          1.75
	2.94             3.164           3.529          3.622         17.793
	3.428            3.677           4.018          4.11          20.1
	3.696            3.956           4.285          4.378         21.357
	3.861            4.13            4.45           4.543         22.139
	6.23             6.673           7.659          7.778         9.86
	4.769            5.839           6.787          6.905         7.616
	3.029            4.498           4.853          5.366         5.489
	1.009            1.652           1.763          2.834         2.989
	-0.507           -0.195          -0.023         0.233         0.242
	6.293            6.703           7.692          7.81          9.956
	7.351            7.623           8.676          8.795         13.437
	7.809            8.298           9.2            9.32          15.898
	8.085            8.582           9.515          9.635         17.659
	5.708            6.51            6.644          7.038         7.281
	4.833            5.52            5.634          6.001         6.244
	5.965            7.214           9.058          9.397         18.176
	2.324            2.823           2.964          3.578         7.056
	-0.651           -0.148          0.246          0.473         1.078
	5.728            6.529           6.667          7.061         7.304
	6.727            7.53            7.852          8.246         8.558
	7.259            8.061           8.481          8.875         9.267
	7.573            8.375           8.853          9.247         9.675
	1.907            2.637           4.047          4.557         15.891
	1.475            2.059           3.491          4.001         14.182
	0.954            1.355           2.616          3.126         10.245
	0.327            0.503           3.692          4.322         4.467
	-0.017           0.036           0.383          0.927         0.991
	1.95             2.692           4.078          4.587         15.975
	2.633            3.274           4.705          5.215         17.834
	3.101            3.506           5.041          5.55          18.831
	3.488            3.621           5.239          5.749         19.398
	1.59             2.388           2.469          2.592         6.22
	1.275            1.668           1.729          1.814         3.979
	0.643            0.889           0.928          0.971         1.554
	-0.14            0.118           0.155          0.162         0.226
	-0.751           -0.368          -0.313         -0.308        -0.293
	1.727            2.738           2.835          2.994         6.99
	2.122            4.158           4.302          4.553         11.044
	2.355            5.356           5.541          5.876         14.333
	2.506            6.372           6.592          7.001         17.097
	-0.166           2.905           3.028          3.084         3.504
	-1.09            2.054           2.209          2.265         2.745
	-2.304           0.949           1.072          1.284         1.749
	-1.784           0.465           0.515          0.764         1.238
	-4.617           -1.579          -1.277         -0.987        -0.74
	-0.055           2.989           3.088          3.163         3.574
	1.167            4.048           4.1            4.31          4.688
	1.85             4.616           4.662          4.868         5.474
	2.31             4.988           5.048          5.255         6.002
	1.687            1.865           2.308          2.336         5.243
	1.248            1.432           1.86           1.891         3.612
	0.681            0.867           1.283          1.315         2.157
	0.532            1.333           1.399          1.711         1.9
	-0.404           0.349           0.39           0.422         0.551
	1.705            1.903           2.318          2.356         5.049
	2.307            2.506           2.929          2.968         7.97
	2.663            2.867           3.29           3.331         10.29
	2.903            3.107           3.533          3.574         11.371
	1.815            4.45            4.922          5.13          5.488
	1.169            3.563           3.907          4.114         4.459
	0.848            2.639           2.919          3.112         3.309
	-0.181           0.242           0.378          0.516         0.727
	-1.948           -1.661          -1.474         -1.204        -0.637
	2.039            4.692           5.201          5.409         5.766
	3.245            5.795           6.459          6.67          7.034
	4.195            6.536           7.182          7.395         7.767
	5.051            6.962           7.667          7.881         8.256
	3.767            4.417           4.668          4.869         5.185
	2.576            3.068           3.447          3.482         3.793
	1.201            1.532           1.824          2.109         2.372
	-0.959           0.277           0.365          0.534         0.813
	-2.268           -1.872          -1.71          -1.162        -0.958
	3.296            3.979           4.21           4.34          4.677
	4.456            5.336           5.532          5.691         6.07
	5.15             6.065           6.344          6.514         6.944
	5.609            6.525           6.805          7.06          7.525
	1.3              2.214           2.25           2.65          4.808
	0.861            1.467           1.579          1.894         2.963
	0.452            0.632           0.886          0.896         1.343
	-0.025           0.163           0.225          1.43          1.588
	-1.154           -0.835          -0.162         -0.116        -0.087
	1.114            1.957           2.068          2.369         3.702
	1.725            2.625           2.78           3.191         5.933
	2.238            2.94            3.262          3.671         7.761
	2.685            3.12            3.628          3.991         9.354
	-0.149           0.674           0.829          0.95          1.115
	-0.249           0.283           0.399          0.514         0.692
	-0.448           -0.103          -0.029         0.078         0.261
	-0.942           -0.491          -0.441         -0.361        -0.177
	-1.204           -0.7            -0.673         -0.597        -0.411
	-0.171           0.643           0.81           0.934         1.115
	-0.005           1.368           1.558          1.765         1.807
	0.737            1.811           2.004          2.496         2.539
	1.479            2.383           2.621          3.205         3.265
	-2.342           0.955           0.97           1.172         1.683
	-3.234           0.359           0.41           0.561         1.12
	-4.156           -0.453          -0.333         -0.235        0.327
	-5.009           -1.464          -1.362         -1.235        -0.842
	-5.465           -2.014          -1.951         -1.928        -1.364
	-2.257           1.051           1.09           1.303         1.878
	-0.488           1.887           2.03           2.244         3.063
	0.327            2.444           2.646          2.851         3.806
	0.829            2.865           3.089          3.312         4.372
	-0.364           0.965           0.966          1.227         1.727
	-0.661           0.56            0.564          0.848         0.948
	-0.96            -0.029          0.017          0.113         0.417
	-1.253           -0.859          -0.79          -0.682        -0.375
	-1.46            -1.375          -1.287         -1.083        -0.774
	-0.4             0.968           0.969          1.27          1.717
	0.169            1.506           1.508          1.804         2.684
	0.848            1.83            1.831          2.134         3.135
	1.524            2.071           2.072          2.373         3.466
	-0.272           1.613           1.903          1.953         2.623
	-0.403           0.448           0.793          0.84          1.547
	-0.966           -0.881          -0.445         -0.176        0.349
	-2.237           -2.169          -1.459         -1.208        -0.519
	-2.981           -2.967          -2.006         -1.762        -0.694
	-0.284           1.663           1.97           2.027         2.73
	-0.043           3.419           3.614          3.778         4.12
	0.172            4.284           4.438          4.673         5.47
	0.386            4.899           4.973          5.239         6.105
	-2.216           -0.699          -0.165         0.094         1.442
	-2.417           -1.451          -1.234         -0.762        0.603
	-3.034           -2.489          -2.204         -1.945        -0.529
	-4.134           -3.668          -3.205         -2.832        -1.98
	-4.746           -4.476          -3.923         -3.54         -2.797
	-1.586           0.773           0.938          1.033         2.092
	-0.915           2.18            2.193          2.489         3.338
	-0.251           2.945           3.068          3.379         4.213
	0.385            3.487           3.707          3.966         4.842
	-0.067           0.062           0.22           0.641         0.762
	-0.676           -0.568          0.091          0.39          0.431
	-1.468           -1.365          -0.167         0.093         0.163
	-2.356           -2.257          -0.302         -0.206        -0.078
	-3.344           -3.301          -0.469         -0.366        -0.203
	-0.076           0.023           0.214          0.633         0.758
	0.071            0.815           0.815          1.199         1.333
	0.454            1.282           1.283          1.687         1.83
	0.83             1.659           1.659          2.181         2.318
	

Vcmax25_6:
 
	Mean             SD               MC Error        95% HPD interval
	------------------------------------------------------------------
	47.09            36.945           3.695          [  9.013  87.293]
	
	
	Posterior quantiles:
	
	2.5             25              50              75             97.5
	 |---------------|===============|===============|---------------|
	9.013            12.252          48.546         85.389        87.293
	

Vcmax25_2:
 
	Mean             SD               MC Error        95% HPD interval
	------------------------------------------------------------------
	89.106           41.98            4.198        [  63.999  219.252]
	
	
	Posterior quantiles:
	
	2.5             25              50              75             97.5
	 |---------------|===============|===============|---------------|
	46.155           63.999          84.552         84.552        219.252
	

Jmax25_5:
 
	Mean             SD               MC Error        95% HPD interval
	------------------------------------------------------------------
	48.131           4.696            0.47           [ 43.033  54.201]
	
	
	Posterior quantiles:
	
	2.5             25              50              75             97.5
	 |---------------|===============|===============|---------------|
	43.033           43.033          50.961         50.961        54.201
	

rdfac:
 
	Mean             SD               MC Error        95% HPD interval
	------------------------------------------------------------------
	0.023            0.003            0.0              [ 0.02   0.027]
	
	
	Posterior quantiles:
	
	2.5             25              50              75             97.5
	 |---------------|===============|===============|---------------|
	0.02             0.02            0.022          0.027         0.027
	

Eav:
 
	Mean             SD               MC Error        95% HPD interval
	------------------------------------------------------------------
	176521.856       17033.282        1703.328[ 118691.96   184352.303]
	
	
	Posterior quantiles:
	
	2.5             25              50              75             97.5
	 |---------------|===============|===============|---------------|
	104884.474       177511.465      183340.374     184352.303    184352.303
	

Eaj:
 
	Mean             SD               MC Error        95% HPD interval
	------------------------------------------------------------------
	193563.16        0.0              0.0      [ 193563.16  193563.16]
	
	
	Posterior quantiles:
	
	2.5             25              50              75             97.5
	 |---------------|===============|===============|---------------|
	193563.16        193563.16       193563.16      193563.16     193563.16
	

Jmax25_1:
 
	Mean             SD               MC Error        95% HPD interval
	------------------------------------------------------------------
	53.725           37.556           3.756        [  15.884  147.105]
	
	
	Posterior quantiles:
	
	2.5             25              50              75             97.5
	 |---------------|===============|===============|---------------|
	15.884           47.069          47.069         54.693        147.105
	

Jmax25_4:
 
	Mean             SD               MC Error        95% HPD interval
	------------------------------------------------------------------
	59.213           47.979           4.798        [  41.828  149.216]
	
	
	Posterior quantiles:
	
	2.5             25              50              75             97.5
	 |---------------|===============|===============|---------------|
	41.828           41.828          48.008         48.008        149.216
	

Vcmax25_4:
 
	Mean             SD               MC Error        95% HPD interval
	------------------------------------------------------------------
	56.292           20.311           2.031          [ 24.936  68.871]
	
	
	Posterior quantiles:
	
	2.5             25              50              75             97.5
	 |---------------|===============|===============|---------------|
	24.936           46.351          55.366         68.871        68.871
	

Ear:
 
	Mean             SD               MC Error        95% HPD interval
	------------------------------------------------------------------
	26908.816        13242.551        1324.255 [  1595.318  40669.989]
	
	
	Posterior quantiles:
	
	2.5             25              50              75             97.5
	 |---------------|===============|===============|---------------|
	1595.318         17982.504       28861.238      40634.4       40669.989
	

delSj:
 
	Mean             SD               MC Error        95% HPD interval
	------------------------------------------------------------------
	707.149          9.063            0.906        [ 702.476  724.727]
	
	
	Posterior quantiles:
	
	2.5             25              50              75             97.5
	 |---------------|===============|===============|---------------|
	702.476          702.476         702.476        702.476       724.727
	

Vcmax25_1:
 
	Mean             SD               MC Error        95% HPD interval
	------------------------------------------------------------------
	21.849           26.96            2.696          [ 17.782  17.782]
	
	
	Posterior quantiles:
	
	2.5             25              50              75             97.5
	 |---------------|===============|===============|---------------|
	17.782           17.782          17.782         17.782        96.769
	

Vcmax25_3:
 
	Mean             SD               MC Error        95% HPD interval
	------------------------------------------------------------------
	47.808           8.814            0.881          [ 41.474  55.792]
	
	
	Posterior quantiles:
	
	2.5             25              50              75             97.5
	 |---------------|===============|===============|---------------|
	41.474           42.742          43.611         55.792        55.792
	

delSv:
 
	Mean             SD               MC Error        95% HPD interval
	------------------------------------------------------------------
	679.428          0.538            0.054          [ 679.28  681.39]
	
	
	Posterior quantiles:
	
	2.5             25              50              75             97.5
	 |---------------|===============|===============|---------------|
	679.28           679.28          679.28         679.28        681.39
	

Jmax25_2:
 
	Mean             SD               MC Error        95% HPD interval
	------------------------------------------------------------------
	38.514           5.825            0.582          [ 34.338  56.506]
	
	
	Posterior quantiles:
	
	2.5             25              50              75             97.5
	 |---------------|===============|===============|---------------|
	34.338           34.338          38.669         41.885        56.752
	
None
